{
 "cells": [
  {
   "cell_type": "code",
   "execution_count": 2,
   "metadata": {},
   "outputs": [],
   "source": [
    "from random import choice\n",
    "from tqdm.auto import tqdm\n",
    "import numpy as np\n",
    "from queue import PriorityQueue"
   ]
  },
  {
   "cell_type": "code",
   "execution_count": 3,
   "metadata": {},
   "outputs": [],
   "source": [
    "PUZZLE_DIM = 5 \n",
    "RANDOMIZE_STEPS = 100\n",
    "\n",
    "def available_actions(state: np.ndarray) -> list:\n",
    "    x, y = [int(_[0]) for _ in np.where(state == 0)]\n",
    "    actions = list()\n",
    "    if x > 0:\n",
    "        actions.append(((x, y), (x - 1, y))) \n",
    "    if x < PUZZLE_DIM - 1:\n",
    "        actions.append(((x, y), (x + 1, y)))  \n",
    "    if y > 0:\n",
    "        actions.append(((x, y), (x, y - 1))) \n",
    "    if y < PUZZLE_DIM - 1:\n",
    "        actions.append(((x, y), (x, y + 1))) \n",
    "    return actions\n",
    "\n",
    "def do_action(state: np.ndarray, action: tuple) -> np.ndarray:\n",
    "    new_state = state.copy()\n",
    "    (x1, y1), (x2, y2) = action\n",
    "    new_state[x1, y1], new_state[x2, y2] = new_state[x2, y2], new_state[x1, y1]\n",
    "    return new_state\n",
    "\n",
    "def optimized_heuristic(state: np.ndarray, goal: np.ndarray) -> int:\n",
    "    manhattan_distance = 0\n",
    "    misplacement_count = 0\n",
    "    for x in range(PUZZLE_DIM):\n",
    "        for y in range(PUZZLE_DIM):\n",
    "            value = state[x, y]\n",
    "            if value != 0:  \n",
    "                goal_x, goal_y = divmod(value - 1, PUZZLE_DIM)\n",
    "                manhattan_distance += abs(x - goal_x) + abs(y - goal_y)\n",
    "                if goal[x, y] != value:\n",
    "                    misplacement_count += 1\n",
    "\n",
    "    return manhattan_distance + 2 * misplacement_count  \n",
    "\n",
    "def solve_puzzle(start_state: np.ndarray, goal_state: np.ndarray):\n",
    "    frontier = PriorityQueue()\n",
    "    frontier.put((0, start_state.tolist(), [start_state.tolist()], 0)) \n",
    "    visited = set()\n",
    "\n",
    "    while not frontier.empty():\n",
    "        f_cost, current_state, path, g_cost = frontier.get()\n",
    "        current_state = np.array(current_state)\n",
    "        if np.array_equal(current_state, goal_state):\n",
    "            return path  \n",
    "\n",
    "        state_tuple = tuple(map(tuple, current_state))\n",
    "        if state_tuple in visited:\n",
    "            continue\n",
    "        visited.add(state_tuple)\n",
    "\n",
    "        for action in available_actions(current_state):\n",
    "            new_state = do_action(current_state, action)\n",
    "            new_g_cost = g_cost + 1\n",
    "            new_f_cost = new_g_cost + optimized_heuristic(new_state, goal_state)\n",
    "            new_path = path + [new_state.tolist()]\n",
    "            frontier.put((new_f_cost, new_state.tolist(), new_path, new_g_cost))\n",
    "\n",
    "    return None  \n"
   ]
  },
  {
   "cell_type": "code",
   "execution_count": 4,
   "metadata": {},
   "outputs": [
    {
     "data": {
      "application/vnd.jupyter.widget-view+json": {
       "model_id": "8f300fbe6ed3417e991ccae415d32a3b",
       "version_major": 2,
       "version_minor": 0
      },
      "text/plain": [
       "Randomizing:   0%|          | 0/100 [00:00<?, ?it/s]"
      ]
     },
     "metadata": {},
     "output_type": "display_data"
    },
    {
     "name": "stdout",
     "output_type": "stream",
     "text": [
      "Solution found in 42 moves!\n",
      "Step 0:\n",
      "[[ 3 12  7  4  5]\n",
      " [ 6 14  8 10 15]\n",
      " [11  1  9 18  0]\n",
      " [16 17 24 19  2]\n",
      " [21 22 13 23 20]]\n",
      "Step 1:\n",
      "[[ 3 12  7  4  5]\n",
      " [ 6 14  8 10 15]\n",
      " [11  1  9 18  2]\n",
      " [16 17 24 19  0]\n",
      " [21 22 13 23 20]]\n",
      "Step 2:\n",
      "[[ 3 12  7  4  5]\n",
      " [ 6 14  8 10 15]\n",
      " [11  1  9 18  2]\n",
      " [16 17 24  0 19]\n",
      " [21 22 13 23 20]]\n",
      "Step 3:\n",
      "[[ 3 12  7  4  5]\n",
      " [ 6 14  8 10 15]\n",
      " [11  1  9  0  2]\n",
      " [16 17 24 18 19]\n",
      " [21 22 13 23 20]]\n",
      "Step 4:\n",
      "[[ 3 12  7  4  5]\n",
      " [ 6 14  8 10 15]\n",
      " [11  1  9  2  0]\n",
      " [16 17 24 18 19]\n",
      " [21 22 13 23 20]]\n",
      "Step 5:\n",
      "[[ 3 12  7  4  5]\n",
      " [ 6 14  8 10  0]\n",
      " [11  1  9  2 15]\n",
      " [16 17 24 18 19]\n",
      " [21 22 13 23 20]]\n",
      "Step 6:\n",
      "[[ 3 12  7  4  5]\n",
      " [ 6 14  8  0 10]\n",
      " [11  1  9  2 15]\n",
      " [16 17 24 18 19]\n",
      " [21 22 13 23 20]]\n",
      "Step 7:\n",
      "[[ 3 12  7  4  5]\n",
      " [ 6 14  8  2 10]\n",
      " [11  1  9  0 15]\n",
      " [16 17 24 18 19]\n",
      " [21 22 13 23 20]]\n",
      "Step 8:\n",
      "[[ 3 12  7  4  5]\n",
      " [ 6 14  8  2 10]\n",
      " [11  1  9 18 15]\n",
      " [16 17 24  0 19]\n",
      " [21 22 13 23 20]]\n",
      "Step 9:\n",
      "[[ 3 12  7  4  5]\n",
      " [ 6 14  8  2 10]\n",
      " [11  1  9 18 15]\n",
      " [16 17  0 24 19]\n",
      " [21 22 13 23 20]]\n",
      "Step 10:\n",
      "[[ 3 12  7  4  5]\n",
      " [ 6 14  8  2 10]\n",
      " [11  1  9 18 15]\n",
      " [16 17 13 24 19]\n",
      " [21 22  0 23 20]]\n",
      "Step 11:\n",
      "[[ 3 12  7  4  5]\n",
      " [ 6 14  8  2 10]\n",
      " [11  1  9 18 15]\n",
      " [16 17 13 24 19]\n",
      " [21 22 23  0 20]]\n",
      "Step 12:\n",
      "[[ 3 12  7  4  5]\n",
      " [ 6 14  8  2 10]\n",
      " [11  1  9 18 15]\n",
      " [16 17 13  0 19]\n",
      " [21 22 23 24 20]]\n",
      "Step 13:\n",
      "[[ 3 12  7  4  5]\n",
      " [ 6 14  8  2 10]\n",
      " [11  1  9  0 15]\n",
      " [16 17 13 18 19]\n",
      " [21 22 23 24 20]]\n",
      "Step 14:\n",
      "[[ 3 12  7  4  5]\n",
      " [ 6 14  8  2 10]\n",
      " [11  1  0  9 15]\n",
      " [16 17 13 18 19]\n",
      " [21 22 23 24 20]]\n",
      "Step 15:\n",
      "[[ 3 12  7  4  5]\n",
      " [ 6 14  0  2 10]\n",
      " [11  1  8  9 15]\n",
      " [16 17 13 18 19]\n",
      " [21 22 23 24 20]]\n",
      "Step 16:\n",
      "[[ 3 12  7  4  5]\n",
      " [ 6  0 14  2 10]\n",
      " [11  1  8  9 15]\n",
      " [16 17 13 18 19]\n",
      " [21 22 23 24 20]]\n",
      "Step 17:\n",
      "[[ 3 12  7  4  5]\n",
      " [ 6  1 14  2 10]\n",
      " [11  0  8  9 15]\n",
      " [16 17 13 18 19]\n",
      " [21 22 23 24 20]]\n",
      "Step 18:\n",
      "[[ 3 12  7  4  5]\n",
      " [ 6  1 14  2 10]\n",
      " [11  8  0  9 15]\n",
      " [16 17 13 18 19]\n",
      " [21 22 23 24 20]]\n",
      "Step 19:\n",
      "[[ 3 12  7  4  5]\n",
      " [ 6  1  0  2 10]\n",
      " [11  8 14  9 15]\n",
      " [16 17 13 18 19]\n",
      " [21 22 23 24 20]]\n",
      "Step 20:\n",
      "[[ 3 12  7  4  5]\n",
      " [ 6  1  2  0 10]\n",
      " [11  8 14  9 15]\n",
      " [16 17 13 18 19]\n",
      " [21 22 23 24 20]]\n",
      "Step 21:\n",
      "[[ 3 12  7  4  5]\n",
      " [ 6  1  2  9 10]\n",
      " [11  8 14  0 15]\n",
      " [16 17 13 18 19]\n",
      " [21 22 23 24 20]]\n",
      "Step 22:\n",
      "[[ 3 12  7  4  5]\n",
      " [ 6  1  2  9 10]\n",
      " [11  8  0 14 15]\n",
      " [16 17 13 18 19]\n",
      " [21 22 23 24 20]]\n",
      "Step 23:\n",
      "[[ 3 12  7  4  5]\n",
      " [ 6  1  2  9 10]\n",
      " [11  0  8 14 15]\n",
      " [16 17 13 18 19]\n",
      " [21 22 23 24 20]]\n",
      "Step 24:\n",
      "[[ 3 12  7  4  5]\n",
      " [ 6  1  2  9 10]\n",
      " [ 0 11  8 14 15]\n",
      " [16 17 13 18 19]\n",
      " [21 22 23 24 20]]\n",
      "Step 25:\n",
      "[[ 3 12  7  4  5]\n",
      " [ 0  1  2  9 10]\n",
      " [ 6 11  8 14 15]\n",
      " [16 17 13 18 19]\n",
      " [21 22 23 24 20]]\n",
      "Step 26:\n",
      "[[ 3 12  7  4  5]\n",
      " [ 1  0  2  9 10]\n",
      " [ 6 11  8 14 15]\n",
      " [16 17 13 18 19]\n",
      " [21 22 23 24 20]]\n",
      "Step 27:\n",
      "[[ 3  0  7  4  5]\n",
      " [ 1 12  2  9 10]\n",
      " [ 6 11  8 14 15]\n",
      " [16 17 13 18 19]\n",
      " [21 22 23 24 20]]\n",
      "Step 28:\n",
      "[[ 0  3  7  4  5]\n",
      " [ 1 12  2  9 10]\n",
      " [ 6 11  8 14 15]\n",
      " [16 17 13 18 19]\n",
      " [21 22 23 24 20]]\n",
      "Step 29:\n",
      "[[ 1  3  7  4  5]\n",
      " [ 0 12  2  9 10]\n",
      " [ 6 11  8 14 15]\n",
      " [16 17 13 18 19]\n",
      " [21 22 23 24 20]]\n",
      "Step 30:\n",
      "[[ 1  3  7  4  5]\n",
      " [ 6 12  2  9 10]\n",
      " [ 0 11  8 14 15]\n",
      " [16 17 13 18 19]\n",
      " [21 22 23 24 20]]\n",
      "Step 31:\n",
      "[[ 1  3  7  4  5]\n",
      " [ 6 12  2  9 10]\n",
      " [11  0  8 14 15]\n",
      " [16 17 13 18 19]\n",
      " [21 22 23 24 20]]\n",
      "Step 32:\n",
      "[[ 1  3  7  4  5]\n",
      " [ 6  0  2  9 10]\n",
      " [11 12  8 14 15]\n",
      " [16 17 13 18 19]\n",
      " [21 22 23 24 20]]\n",
      "Step 33:\n",
      "[[ 1  3  7  4  5]\n",
      " [ 6  2  0  9 10]\n",
      " [11 12  8 14 15]\n",
      " [16 17 13 18 19]\n",
      " [21 22 23 24 20]]\n",
      "Step 34:\n",
      "[[ 1  3  0  4  5]\n",
      " [ 6  2  7  9 10]\n",
      " [11 12  8 14 15]\n",
      " [16 17 13 18 19]\n",
      " [21 22 23 24 20]]\n",
      "Step 35:\n",
      "[[ 1  0  3  4  5]\n",
      " [ 6  2  7  9 10]\n",
      " [11 12  8 14 15]\n",
      " [16 17 13 18 19]\n",
      " [21 22 23 24 20]]\n",
      "Step 36:\n",
      "[[ 1  2  3  4  5]\n",
      " [ 6  0  7  9 10]\n",
      " [11 12  8 14 15]\n",
      " [16 17 13 18 19]\n",
      " [21 22 23 24 20]]\n",
      "Step 37:\n",
      "[[ 1  2  3  4  5]\n",
      " [ 6  7  0  9 10]\n",
      " [11 12  8 14 15]\n",
      " [16 17 13 18 19]\n",
      " [21 22 23 24 20]]\n",
      "Step 38:\n",
      "[[ 1  2  3  4  5]\n",
      " [ 6  7  8  9 10]\n",
      " [11 12  0 14 15]\n",
      " [16 17 13 18 19]\n",
      " [21 22 23 24 20]]\n",
      "Step 39:\n",
      "[[ 1  2  3  4  5]\n",
      " [ 6  7  8  9 10]\n",
      " [11 12 13 14 15]\n",
      " [16 17  0 18 19]\n",
      " [21 22 23 24 20]]\n",
      "Step 40:\n",
      "[[ 1  2  3  4  5]\n",
      " [ 6  7  8  9 10]\n",
      " [11 12 13 14 15]\n",
      " [16 17 18  0 19]\n",
      " [21 22 23 24 20]]\n",
      "Step 41:\n",
      "[[ 1  2  3  4  5]\n",
      " [ 6  7  8  9 10]\n",
      " [11 12 13 14 15]\n",
      " [16 17 18 19  0]\n",
      " [21 22 23 24 20]]\n",
      "Step 42:\n",
      "[[ 1  2  3  4  5]\n",
      " [ 6  7  8  9 10]\n",
      " [11 12 13 14 15]\n",
      " [16 17 18 19 20]\n",
      " [21 22 23 24  0]]\n"
     ]
    }
   ],
   "source": [
    "state = np.array([i for i in range(1, PUZZLE_DIM**2)] + [0]).reshape((PUZZLE_DIM, PUZZLE_DIM))\n",
    "   \n",
    "for _ in tqdm(range(RANDOMIZE_STEPS), desc='Randomizing'):\n",
    "    state = do_action(state, choice(available_actions(state)))\n",
    "\n",
    "goal_state = np.array([i for i in range(1, PUZZLE_DIM**2)] + [0]).reshape((PUZZLE_DIM, PUZZLE_DIM))\n",
    "solution = solve_puzzle(state, goal_state)\n",
    "\n",
    "if solution:\n",
    "    print(f\"Solution found in {len(solution) - 1} moves!\") \n",
    "    for step, s in enumerate(solution):\n",
    "        print(f\"Step {step}:\")\n",
    "        print(np.array(s))  \n",
    "else:\n",
    "    print(\"No solution found\")"
   ]
  },
  {
   "cell_type": "markdown",
   "metadata": {},
   "source": [
    "## Enhanced version"
   ]
  },
  {
   "cell_type": "code",
   "execution_count": null,
   "metadata": {},
   "outputs": [
    {
     "name": "stdout",
     "output_type": "stream",
     "text": [
      "\n",
      "Testing with 100 randomization steps:\n"
     ]
    },
    {
     "data": {
      "application/vnd.jupyter.widget-view+json": {
       "model_id": "6cdc8c927ce842b08185c60f1acd4a03",
       "version_major": 2,
       "version_minor": 0
      },
      "text/plain": [
       "Randomizing (100 steps):   0%|          | 0/100 [00:00<?, ?it/s]"
      ]
     },
     "metadata": {},
     "output_type": "display_data"
    },
    {
     "name": "stdout",
     "output_type": "stream",
     "text": [
      "Solution found in 30 moves!\n",
      "\n",
      "\n",
      "Testing with 250 randomization steps:\n"
     ]
    },
    {
     "data": {
      "application/vnd.jupyter.widget-view+json": {
       "model_id": "1901318540e8468085877543479f1e18",
       "version_major": 2,
       "version_minor": 0
      },
      "text/plain": [
       "Randomizing (250 steps):   0%|          | 0/250 [00:00<?, ?it/s]"
      ]
     },
     "metadata": {},
     "output_type": "display_data"
    }
   ],
   "source": [
    "#PUZZLE_DIM = 3  \n",
    "DEFAULT_RANDOMIZE_STEPS = 100  \n",
    "\n",
    "def available_actions(state: np.ndarray) -> list:\n",
    "    x, y = [int(_[0]) for _ in np.where(state == 0)]\n",
    "    actions = []\n",
    "    if x > 0:\n",
    "        actions.append(((x, y), (x - 1, y)))  \n",
    "    if x < PUZZLE_DIM - 1:\n",
    "        actions.append(((x, y), (x + 1, y)))  \n",
    "    if y > 0:\n",
    "        actions.append(((x, y), (x, y - 1)))  \n",
    "    if y < PUZZLE_DIM - 1:\n",
    "        actions.append(((x, y), (x, y + 1)))  \n",
    "    return actions\n",
    "\n",
    "def do_action(state: np.ndarray, action: tuple) -> np.ndarray:\n",
    "    new_state = state.copy()\n",
    "    (x1, y1), (x2, y2) = action\n",
    "    new_state[x1, y1], new_state[x2, y2] = new_state[x2, y2], new_state[x1, y1]\n",
    "    return new_state\n",
    "\n",
    "def optimized_heuristic(state: np.ndarray, goal: np.ndarray) -> int:\n",
    "    manhattan_distance = 0\n",
    "    misplacement_count = 0\n",
    "    for x in range(PUZZLE_DIM):\n",
    "        for y in range(PUZZLE_DIM):\n",
    "            value = state[x, y]\n",
    "            if value != 0:  \n",
    "                goal_x, goal_y = divmod(value - 1, PUZZLE_DIM)\n",
    "                manhattan_distance += abs(x - goal_x) + abs(y - goal_y)\n",
    "                if goal[x, y] != value:\n",
    "                    misplacement_count += 1\n",
    "    return manhattan_distance + 2 * misplacement_count  \n",
    "\n",
    "def solve_puzzle(start_state: np.ndarray, goal_state: np.ndarray):\n",
    "    frontier = PriorityQueue()\n",
    "    frontier.put((0, start_state.tolist(), [start_state.tolist()], 0)) \n",
    "    visited = set()\n",
    "\n",
    "    while not frontier.empty():\n",
    "        f_cost, current_state, path, g_cost = frontier.get()\n",
    "        current_state = np.array(current_state)\n",
    "        if np.array_equal(current_state, goal_state):\n",
    "            return path  \n",
    "\n",
    "        state_tuple = tuple(map(tuple, current_state))\n",
    "        if state_tuple in visited:\n",
    "            continue\n",
    "        visited.add(state_tuple)\n",
    "\n",
    "        for action in available_actions(current_state):\n",
    "            new_state = do_action(current_state, action)\n",
    "            new_g_cost = g_cost + 1\n",
    "            new_f_cost = new_g_cost + optimized_heuristic(new_state, goal_state)\n",
    "            new_path = path + [new_state.tolist()]\n",
    "            frontier.put((new_f_cost, new_state.tolist(), new_path, new_g_cost))\n",
    "\n",
    "    return None  \n",
    "\n",
    "def generate_randomized_state(puzzle_dim, random_steps):\n",
    "    \"\"\" Generate a solvable randomized puzzle state by applying a given number of random moves. \"\"\"\n",
    "    state = np.array([i for i in range(1, puzzle_dim**2)] + [0]).reshape((puzzle_dim, puzzle_dim))\n",
    "    \n",
    "    for _ in tqdm(range(random_steps), desc=f'Randomizing ({random_steps} steps)'):\n",
    "        state = do_action(state, choice(available_actions(state)))\n",
    "\n",
    "    return state\n",
    "\n",
    "# Allow user to specify different levels of randomization\n",
    "random_steps_list = [100, 250, 500]  \n",
    "\n",
    "for steps in random_steps_list:\n",
    "    print(f\"\\nTesting with {steps} randomization steps:\")\n",
    "    \n",
    "    state = generate_randomized_state(PUZZLE_DIM, steps)\n",
    "    goal_state = np.array([i for i in range(1, PUZZLE_DIM**2)] + [0]).reshape((PUZZLE_DIM, PUZZLE_DIM))\n",
    "    \n",
    "    solution = solve_puzzle(state, goal_state)\n",
    "\n",
    "    if solution:\n",
    "        print(f\"Solution found in {len(solution) - 1} moves!\\n\")\n",
    "    else:\n",
    "        print(\"No solution found.\\n\")"
   ]
  }
 ],
 "metadata": {
  "kernelspec": {
   "display_name": "3.13.1",
   "language": "python",
   "name": "python3"
  },
  "language_info": {
   "codemirror_mode": {
    "name": "ipython",
    "version": 3
   },
   "file_extension": ".py",
   "mimetype": "text/x-python",
   "name": "python",
   "nbconvert_exporter": "python",
   "pygments_lexer": "ipython3",
   "version": "3.13.1"
  }
 },
 "nbformat": 4,
 "nbformat_minor": 2
}
